  20 120 102  84   0   0   0 0
  20 260  85  75   0   0   0 0
  20 360  91  74   0   0   0 0
  40 220 111  73   0   0   0 0
  40 280  77  94   0   0   0 0
  40 300  68  67   0   0   0 0
  60 480 135  96   0   0   0 0
  80 400 149  92   0   0   0 0
 100 160 122  74   0   0   0 0
 100 240 104  70   0   0   0 0
 100 460 120  54   0   0   0 0
 120 460 131  98   0   0   0 0
 140 160 117  80   0   0   0 0
 140 280  78  76   0   0   0 0
 140 420 135  76   0   0   0 0
 160 320 163  58   0   0   0 0
 180 240 134  92   0   0   0 0
 180 380 186  64   0   0   0 0
 180 440 123  91   0   0   0 0
 200  40  92  98   0   0   0 0
 200 180 139  63   0   0   0 0
 200 320 190  64   0   0   0 0
 220 480 133  57   0   0   0 0
 240  20 122  82   0   0   0 0
 240  80 179  86   0   0   0 0
 240 240 161  59   0   0   0 0
 240 280 192  82   0   0   0 0
 240 380 158  52   0   0   0 0
 260 480 132  87   0   0   0 0
 280 440 147  50   0   0   0 0
 280 480 125  69   0   0   0 0
 300 440 150  65   0   0   0 0
 320 160 184  91   0   0   0 0
 320 180 180  83   0   0   0 0
 320 200 168  75   0   0   0 0
 340 280 187  94   0   0   0 0
 360  20  91  95   0   0   0 0
 360 300 177  99   0   0   0 0
 360 320 198  59   0   0   0 0
 380 180 159  71   0   0   0 0
 380 200 196  54   0   0   0 0
 380 480 112  89   0   0   0 0
 400 480 113  77   0   0   0 0
 420 280 164  81   0   0   0 0
 440 180 112  93   0   0   0 0
 440 220 150  55   0   0   0 0
 440 260 148  81   0   0   0 0
 440 320 141  61   0   0   0 0
 440 360 116  72   0   0   0 0
 440 420 144  60   0   0   0 0
 440 460 162  63   0   0   0 0
 460 160  78  74   0   0   0 0
 480  20 128  65   0   0   0 0
 500  40  76  70   0   0   0 0
 500  60  83  79   0   0   0 0
 500  80  93  61   0   0   0 0
 500 460  85  93   0   0   0 0
  20  20 102   0  92   0   0 0
  40 200 116   0  99   0   0 0
  40 360  69   0  85   0   0 0
  40 500 115   0  92   0   0 0
  60  20  92   0  55   0   0 0
  80 180 103   0  53   0   0 0
  80 200 113   0  92   0   0 0
  80 280  65   0  50   0   0 0
 100 200 150   0  88   0   0 0
 120 120  89   0  75   0   0 0
 120 360 102   0  72   0   0 0
 120 480 151   0  92   0   0 0
 140 100  90   0  84   0   0 0
 140 140 121   0  73   0   0 0
 140 180 134   0  70   0   0 0
 140 380 151   0  57   0   0 0
 140 460 128   0  68   0   0 0
 160 140 125   0  53   0   0 0
 180  80  65   0  85   0   0 0
 180 100  80   0  63   0   0 0
 180 180 136   0  66   0   0 0
 180 200 128   0  52   0   0 0
 180 420 123   0  91   0   0 0
 200  60  98   0  50   0   0 0
 200 220 128   0  63   0   0 0
 200 480 158   0  78   0   0 0
 220  40 103   0  96   0   0 0
 220 100 156   0  91   0   0 0
 220 140 196   0  50   0   0 0
 220 220 158   0  59   0   0 0
 220 440 155   0  96   0   0 0
 220 460 156   0  61   0   0 0
 220 500 104   0  54   0   0 0
 260 160 193   0  81   0   0 0
 260 320 198   0  92   0   0 0
 280 240 189   0  88   0   0 0
 300 140 152   0  53   0   0 0
 300 160 188   0  78   0   0 0
 300 500 107   0  53   0   0 0
 320  80 133   0  52   0   0 0
 360  80 116   0  58   0   0 0
 380  20  98   0  73   0   0 0
 380  80 124   0  99   0   0 0
 380 440 195   0  93   0   0 0
 420  60 164   0  63   0   0 0
 420  80 168   0  62   0   0 0
 420 400 112   0  61   0   0 0
 420 440 180   0  69   0   0 0
 440 240 131   0  66   0   0 0
 460 500 116   0  79   0   0 0
 480  80  93   0  73   0   0 0
 500 100  92   0  76   0   0 0
 100 180 128   0   0  20  20 0
 120 380 121   0   0  40 200 0
 180 340 153   0   0  40 360 0
  80 460 126   0   0  40 500 0
 160 100  82   0   0  60  20 0
  80 240  95   0   0  80 180 0
  20 160  92   0   0  80 200 0
 120 400 129   0   0  80 280 0
 260 300 198   0   0 100 200 0
 300 120 120   0   0 120 120 0
 180 460 130   0   0 120 360 0
 260 460 136   0   0 120 480 0
 320 120 124   0   0 140 100 0
 300 180 184   0   0 140 140 0
  40 140  80   0   0 140 180 0
 160 400 163   0   0 140 380 0
 100 500  98   0   0 140 460 0
 340  60 134   0   0 160 140 0
 300  60 157   0   0 180  80 0
 340  80 145   0   0 180 100 0
 120 220 122   0   0 180 180 0
 100 380 114   0   0 180 200 0
 360 420 183   0   0 180 420 0
 220 160 199   0   0 200  60 0
 340 320 163   0   0 200 220 0
 160 420 135   0   0 200 480 0
 220 120 169   0   0 220  40 0
 220 240 157   0   0 220 100 0
 120 260  87   0   0 220 140 0
 400 300 173   0   0 220 220 0
 400 400 156   0   0 220 440 0
 220 340 180   0   0 220 460 0
 340 480  99   0   0 220 500 0
 420 260 186   0   0 260 160 0
 420 240 183   0   0 260 320 0
 420 320 160   0   0 280 240 0
 460  40 144   0   0 300 140 0
 480 100 129   0   0 300 160 0
 480 480 112   0   0 300 500 0
 420 200 177   0   0 320  80 0
 300 240 163   0   0 360  80 0
 360 100  96   0   0 380  20 0
 280 220 184   0   0 380  80 0
 480 320  88   0   0 380 440 0
 320  40 121   0   0 420  60 0
 340  20  90   0   0 420  80 0
 460 260  79   0   0 420 400 0
 480 280 137   0   0 420 440 0
 400 380 156   0   0 440 240 0
 400 460 154   0   0 460 500 0
 300  80 167   0   0 480  80 0
 440 200 144   0   0 500 100 0
  20  40  81   0   0   0   0 0
  20 500  86   0   0   0   0 0
 440 500 112   0   0   0   0 0
 500  20  78   0   0   0   0 0
  60 380 116   0   0   0   0 0
 160 280 136   0   0   0   0 0
  80 440 136   0   0   0   0 0
 120 340  74   0   0   0   0 0
  60 460 124   0   0   0   0 0
 300 360 194   0   0   0   0 0
  60 400 122   0   0   0   0 0
 160 220 149   0   0   0   0 0
 100 340  92   0   0   0   0 0
  80 360  84   0   0   0   0 0
 140 320 109   0   0   0   0 0
  40 480 128   0   0   0   0 0
  40 240 121   0   0   0   0 0
 100 260  93   0   0   0   0 0
 340 440 134   0   0   0   0 0
 240 420 179   0   0   0   0 0
  20  80  85   0   0   0   0 0
 260 360 151   0   0   0   0 0
 100 140  93   0   0   0   0 0
 120 420 136   0   0   0   0 0
 120 320  86   0   0   0   0 0
 160 440 116   0   0   0   0 0
 300 220 150   0   0   0   0 0
 480 400 122   0   0   0   0 0
 280 160 198   0   0   0   0 0
 160 120 106   0   0   0   0 0
  40 340  77   0   0   0   0 0
 460 460 170   0   0   0   0 0
 300 100 139   0   0   0   0 0
 180 260 134   0   0   0   0 0
 400 420 180   0   0   0   0 0
  80 220 124   0   0   0   0 0
  20 200 115   0   0   0   0 0
 340 260 180   0   0   0   0 0
 360 460 172   0   0   0   0 0
 400 120  64   0   0   0   0 0
 460  20 118   0   0   0   0 0
  20 440  72   0   0   0   0 0
 380 100  78   0   0   0   0 0
 120 240 142   0   0   0   0 0
  60 120  88   0   0   0   0 0
  40 120  84   0   0   0   0 0
 460  60 102   0   0   0   0 0
 260 240 180   0   0   0   0 0
 220  80 126   0   0   0   0 0
 420 120 103   0   0   0   0 0
 160 180 116   0   0   0   0 0
 280 340 187   0   0   0   0 0
 260 340 165   0   0   0   0 0
 200 360 181   0   0   0   0 0
  60 220 121   0   0   0   0 0
 340 100 142   0   0   0   0 0
 420 460 170   0   0   0   0 0
 320 280 189   0   0   0   0 0
 140 220 151   0   0   0   0 0
 180 140 137   0   0   0   0 0
 160 360 144   0   0   0   0 0
 460 480 154   0   0   0   0 0
  20 220 122   0   0   0   0 0
 140 340 106   0   0   0   0 0
 180 400 172   0   0   0   0 0
  60 440 109   0   0   0   0 0
 500 200  80   0   0   0   0 0
 160  80  76   0   0   0   0 0
 340 420 165   0   0   0   0 0
 280  60 149   0   0   0   0 0
 340 200 142   0   0   0   0 0
 500 180  78   0   0   0   0 0
 360 140  72   0   0   0   0 0
 240 260 164   0   0   0   0 0
 280 500 100   0   0   0   0 0
  20 140  71   0   0   0   0 0
 460 320 137   0   0   0   0 0
 320 240 116   0   0   0   0 0
 480 340 112   0   0   0   0 0
 120 500  87   0   0   0   0 0
 340 140  82   0   0   0   0 0
 360 180 161   0   0   0   0 0
 260  20 120   0   0   0   0 0
 480 440  93   0   0   0   0 0
 240 340 168   0   0   0   0 0
 160 160 104   0   0   0   0 0
 400 200 188   0   0   0   0 0
 200  80 113   0   0   0   0 0
 180 280 172   0   0   0   0 0
 200  20  94   0   0   0   0 0
 440 440 167   0   0   0   0 0
 240 400 181   0   0   0   0 0
  60 500 104   0   0   0   0 0
 180 160 140   0   0   0   0 0
 200 120 178   0   0   0   0 0
 220 400 175   0   0   0   0 0
  40 460 123   0   0   0   0 0
 200 140 173   0   0   0   0 0
 240  60 128   0   0   0   0 0
 380 160 131   0   0   0   0 0
 440 340 139   0   0   0   0 0
 240 360 156   0   0   0   0 0
 440 380 131   0   0   0   0 0
 480 300 117   0   0   0   0 0
 120 140 105   0   0   0   0 0
 360  60 132   0   0   0   0 0
 180 480 116   0   0   0   0 0
 260 420 179   0   0   0   0 0
 320 420 169   0   0   0   0 0
 380  60 172   0   0   0   0 0
 400 220 199   0   0   0   0 0
 220 380 186   0   0   0   0 0
 260 380 112   0   0   0   0 0
 200 460 141   0   0   0   0 0
 320  20  97   0   0   0   0 0
 480 160  64   0   0   0   0 0
 260  60 150   0   0   0   0 0
 300 200 164   0   0   0   0 0
  20 280  83   0   0   0   0 0
 140 440 119   0   0   0   0 0
 200 300 162   0   0   0   0 0
 340 220 167   0   0   0   0 0
 320  60 161   0   0   0   0 0
  80 340  81   0   0   0   0 0
  20 300  74   0   0   0   0 0
 420 380 122   0   0   0   0 0
 100 360 113   0   0   0   0 0
 200 500 115   0   0   0   0 0
  80 500  83   0   0   0   0 0
 160 480 101   0   0   0   0 0
 440  40 146   0   0   0   0 0
  40 400  68   0   0   0   0 0
 480 360 109   0   0   0   0 0
 200 160 151   0   0   0   0 0
 360 440 179   0   0   0   0 0
 400 260 190   0   0   0   0 0
 420  20 123   0   0   0   0 0
 220 200 172   0   0   0   0 0
 200 100  88   0   0   0   0 0
 240 180 192   0   0   0   0 0
 280  40 146   0   0   0   0 0
 380 300 190   0   0   0   0 0
 180 220 128   0   0   0   0 0
 320 100 151   0   0   0   0 0
 180 360 157   0   0   0   0 0
  60 100  62   0   0   0   0 0
 320 480 120   0   0   0   0 0
 240 220 191   0   0   0   0 0
 140 480 107   0   0   0   0 0
  80 300  67   0   0   0   0 0
 280 420 157   0   0   0   0 0
  60 200  74   0   0   0   0 0
 460 340 130   0   0   0   0 0
  80 160  78   0   0   0   0 0
 300 460 125   0   0   0   0 0
 200 340 186   0   0   0   0 0
 480 380 127   0   0   0   0 0
 500 260  72   0   0   0   0 0
 300 420 162   0   0   0   0 0
 360 160 108   0   0   0   0 0
 220 360 178   0   0   0   0 0
 400  60 167   0   0   0   0 0
 140 300 106   0   0   0   0 0
 320 140 136   0   0   0   0 0
 260 400 151   0   0   0   0 0
 280 260 193   0   0   0   0 0
  80 380 104   0   0   0   0 0
 260 440 151   0   0   0   0 0
 320 460 117   0   0   0   0 0
 280 120 138   0   0   0   0 0
 120 200 144   0   0   0   0 0
 340 300 198   0   0   0   0 0
 500 220  78   0   0   0   0 0
  20 320  97   0   0   0   0 0
  20 100 104   0   0   0   0 0
 160 340 155   0   0   0   0 0
  40 260 101   0   0   0   0 0
 440 120 105   0   0   0   0 0
  80 480 139   0   0   0   0 0
 140 360 115   0   0   0   0 0
 280 320 191   0   0   0   0 0
 120  20  68   0   0   0   0 0
 280 400 143   0   0   0   0 0
 280  20 110   0   0   0   0 0
 480 420 124   0   0   0   0 0
 380 460 171   0   0   0   0 0
  60 420 128   0   0   0   0 0
  20 240 121   0   0   0   0 0
 440 100 121   0   0   0   0 0
 240 500 106   0   0   0   0 0
 200 440 155   0   0   0   0 0
 500 120 105   0   0   0   0 0
 180 300 157   0   0   0   0 0
 500 440  99   0   0   0   0 0
 460 360 119   0   0   0   0 0
 300  20  90   0   0   0   0 0
 440  80 150   0   0   0   0 0
 480 460 115   0   0   0   0 0
 460 380 106   0   0   0   0 0
 480  60  70   0   0   0   0 0
 440 160 101   0   0   0   0 0
  40  80  70   0   0   0   0 0
 400 140 101   0   0   0   0 0
 400 500  88   0   0   0   0 0
 240 480 139   0   0   0   0 0
 420 220 174   0   0   0   0 0
 260 500 119   0   0   0   0 0
  20  60  65   0   0   0   0 0
 460 220  97   0   0   0   0 0
 300 380 191   0   0   0   0 0
 460 420 147   0   0   0   0 0
 200 200 131   0   0   0   0 0
 500 420 107   0   0   0   0 0
 440 480 136   0   0   0   0 0
  40 440  94   0   0   0   0 0
 340  40 106   0   0   0   0 0
 140 260 120   0   0   0   0 0
 440 400 114   0   0   0   0 0
 500 380  83   0   0   0   0 0
 420 500  79   0   0   0   0 0
 440  60 155   0   0   0   0 0
 100 480 132   0   0   0   0 0
 140 120 100   0   0   0   0 0
 160 300 145   0   0   0   0 0
 160 200 104   0   0   0   0 0
  20 380  72   0   0   0   0 0
  60 280  86   0   0   0   0 0
  60 320  61   0   0   0   0 0
 120 160 116   0   0   0   0 0
 180 320 161   0   0   0   0 0
  80 140  80   0   0   0   0 0
 420 160 132   0   0   0   0 0
 300 260 166   0   0   0   0 0
 420 340 151   0   0   0   0 0
 380 140  75   0   0   0   0 0
 100 440 118   0   0   0   0 0
  40  20  72   0   0   0   0 0
 100 400 147   0   0   0   0 0
 280 280 197   0   0   0   0 0
 360  40 126   0   0   0   0 0
 280 460 129   0   0   0   0 0
 420 300 176   0   0   0   0 0
 380 500  82   0   0   0   0 0
 220  60 111   0   0   0   0 0
  60 260  81   0   0   0   0 0
 360 480 113   0   0   0   0 0
 420 480 130   0   0   0   0 0
 280 100 171   0   0   0   0 0
 240  40 117   0   0   0   0 0
  80 260  92   0   0   0   0 0
  40 320  80   0   0   0   0 0
 340 500  91   0   0   0   0 0
 400 440 186   0   0   0   0 0
 320 440 137   0   0   0   0 0
 420 180 160   0   0   0   0 0
 480  40 109   0   0   0   0 0
 460 400 111   0   0   0   0 0
 420 360 126   0   0   0   0 0
 500 360  74   0   0   0   0 0
  60 240 118   0   0   0   0 0
 100 220 128   0   0   0   0 0
 480 500 109   0   0   0   0 0
  20 420  76   0   0   0   0 0
 460 280 131   0   0   0   0 0
 120 300  75   0   0   0   0 0
 500 160  80   0   0   0   0 0
 260  40 148   0   0   0   0 0
 120 180 139   0   0   0   0 0
 360 500  79   0   0   0   0 0
 460 100 121   0   0   0   0 0
 380 220 192   0   0   0   0 0
  80 120  79   0   0   0   0 0
 280 140 171   0   0   0   0 0
 460 440 150   0   0   0   0 0
 460 200  76   0   0   0   0 0
 220 420 167   0   0   0   0 0
 460 180  68   0   0   0   0 0
 500 480  90   0   0   0   0 0
 180  20  82   0   0   0   0 0
  20 460 117   0   0   0   0 0
 320 500 125   0   0   0   0 0
 300  40 127   0   0   0   0 0
 300 480 105   0   0   0   0 0
 200 280 163   0   0   0   0 0
 500 320  91   0   0   0   0 0
 340 160 105   0   0   0   0 0
 400  20 115   0   0   0   0 0
 260 100 173   0   0   0   0 0
 300 320 193   0   0   0   0 0
 200 260 135   0   0   0   0 0
 340 460 122   0   0   0   0 0
  40  40  71   0   0   0   0 0
  60 340  74   0   0   0   0 0
 240 460 157   0   0   0   0 0
 500 140  96   0   0   0   0 0
 300 400 167   0   0   0   0 0
 240 100 179   0   0   0   0 0
 220  20 111   0   0   0   0 0
  60 300  97   0   0   0   0 0
 440  20 118   0   0   0   0 0
 360 220 174   0   0   0   0 0
 400 360 177   0   0   0   0 0
 400 180 166   0   0   0   0 0
 280  80 163   0   0   0   0 0
 480 260  66   0   0   0   0 0
 240 440 159   0   0   0   0 0
 220 320 187   0   0   0   0 0
 420 100 129   0   0   0   0 0
 380  40 137   0   0   0   0 0
 440 280 117   0   0   0   0 0
 440 140  94   0   0   0   0 0
 100 300  84   0   0   0   0 0
  20 480 120   0   0   0   0 0
 100 320  64   0   0   0   0 0
 340 180 164   0   0   0   0 0
 100 120  81   0   0   0   0 0
 420 140 113   0   0   0   0 0
 500 400  86   0   0   0   0 0
 420 420 159   0   0   0   0 0
 300 280 189   0   0   0   0 0
 160 500  85   0   0   0   0 0
  60 160  80   0   0   0   0 0
 400 160 133   0   0   0   0 0
  40 420  98   0   0   0   0 0
  80 420 140   0   0   0   0 0
 460 120  77   0   0   0   0 0
 140 500  95   0   0   0   0 0
  80  20  67   0   0   0   0 0
 180 500  93   0   0   0   0 0
  60 180  90   0   0   0   0 0
  60 140 117   0   0   0   0 0
  40 180 118   0   0   0   0 0
 320 260 148   0   0   0   0 0
 220 180 154   0   0   0   0 0
 460  80 109   0   0   0   0 0
 100 420 151   0   0   0   0 0
 500 340  86   0   0   0   0 0
 160 460 130   0   0   0   0 0
 200 240 153   0   0   0   0 0
 160 240 163   0   0   0   0 0
 480 220  61   0   0   0   0 0
 140 200 133   0   0   0   0 0
 460 240  87   0   0   0   0 0
 360 280 187   0   0   0   0 0
 180 120 134   0   0   0   0 0
 220 280 195   0   0   0   0 0
 380 320 190   0   0   0   0 0
 100 100  78   0   0   0   0 0
 140 400 152   0   0   0   0 0
  40 160 128   0   0   0   0 0
 400  40 128   0   0   0   0 0
  20 180 108   0   0   0   0 0
 400 340 165   0   0   0   0 0
 340 120 102   0   0   0   0 0
 360 200 161   0   0   0   0 0
 320 400 172   0   0   0   0 0
 220 260 158   0   0   0   0 0
 140  20  70   0   0   0   0 0
 140 240 155   0   0   0   0 0
 260 220 180   0   0   0   0 0
 500 300  99   0   0   0   0 0
 280 380 157   0   0   0   0 0
 360 400 195   0   0   0   0 0
 480 120  95   0   0   0   0 0
 500 240  87   0   0   0   0 0
 120 440 128   0   0   0   0 0
 400  80 133   0   0   0   0 0
 400 240 193   0   0   0   0 0
 400 320 155   0   0   0   0 0
 440 300 161   0   0   0   0 0
 400 100  82   0   0   0   0 0
 320 220 123   0   0   0   0 0
 280 200 199   0   0   0   0 0
 280 360 177   0   0   0   0 0
 200 420 157   0   0   0   0 0
 460 300 122   0   0   0   0 0
 420  40 138   0   0   0   0 0
 200 400 174   0   0   0   0 0
 160 260 135   0   0   0   0 0
 260  80 176   0   0   0   0 0
 500 500  99   0   0   0   0 0
 160 380 164   0   0   0   0 0
 500 280  85   0   0   0   0 0
  20 340  98   0   0   0   0 0

